N=33
0,0.000000000000000,0.000000000000000
1,0.116366875000000,-10.603780941951021
2,0.232733750000000,-16.992990280170989
3,0.349100625000000,-12.775017555528663
4,0.465467500000000,-1.354597649625941
5,0.581834375000000,0.041747075367373
6,0.698201250000000,0.037007887309051
7,0.814568125000000,0.032525382101113
8,0.930935000000000,0.028407810029426
9,1.047301875000000,0.024712626018615
10,1.163668750000000,0.021479726394993
11,1.280035625000000,0.018733619161095
12,1.396402500000000,0.016486662605107
13,1.512769375000000,0.014742694256058
14,1.629136250000000,0.013500542632687
15,1.745503125000000,0.012757072086923
16,1.861870000000000,0.012509507959027
17,1.978236875000000,0.012756853968798
18,2.094603750000000,0.013500301699042
19,2.210970625000000,0.014742652521613
20,2.327337500000000,0.016486870579331
21,2.443704375000000,0.018733901949358
22,2.560071250000000,0.021479835052778
23,2.676438125000000,0.024712466601862
24,2.792805000000000,0.028407595157785
25,2.909171875000000,0.032525335112493
26,3.025538750000000,0.037008015732759
27,3.141905625000000,0.041747402169086
28,3.258272500000000,-1.354597779725124
29,3.374639375000000,-12.775020852020516
30,3.491006250000000,-16.992970744688709
31,3.607373125000000,-10.603830692103513
32,3.723740000000000,0.000000000000000
